35,442,37,442,40,443,41,446,41,448,40,451,39,452,36,453,33,453,30,454,27,454,24,455,22,455,20,456,15,456,12,455,10,453,9,450,9,449,10,446,11,445,11,444,12,443,15,442,29,442,32,441,0.6026323690031566
20,428,21,428,22,428,26,428,27,429,33,429,34,430,38,430,39,431,44,431,45,430,47,431,48,431,51,433,54,436,56,439,56,440,54,443,53,444,50,446,49,446,47,447,39,447,37,446,35,446,33,445,31,445,29,444,23,444,21,443,17,443,14,441,12,439,10,436,10,434,11,432,12,429,16,428,17,428,18,427,0.6792672179578766
24,415,29,415,30,416,35,416,36,417,42,417,43,418,49,418,50,419,51,419,54,421,55,422,57,425,57,427,55,429,54,430,51,432,49,433,45,433,43,432,40,432,38,431,35,431,33,430,29,430,27,429,19,429,17,428,14,428,12,424,12,420,14,417,15,416,18,414,23,414,0.7076275245896702
943,407,941,408,938,408,936,409,930,409,928,410,922,410,920,411,917,411,915,412,910,412,908,413,903,413,901,414,899,414,897,415,895,415,893,416,889,414,888,413,887,411,888,409,890,407,892,406,893,406,895,405,898,405,900,404,903,404,905,403,909,403,911,402,918,402,920,401,923,401,925,400,929,400,931,399,934,399,936,398,941,398,943,397,950,397,952,398,953,400,953,401,954,402,953,404,952,405,948,407,0.73294277659337
1087,401,1085,402,1082,402,1080,403,1079,403,1075,401,1074,399,1074,396,1075,394,1079,392,1080,392,1082,393,1087,393,1091,391,1099,391,1100,390,1103,390,1105,391,1106,391,1108,392,1109,394,1109,395,1108,397,1106,399,1104,400,1102,400,1100,401,1094,401,1092,402,1088,402,0.6623097569384473
1036,391,1037,392,1038,394,1038,396,1037,398,1035,399,1032,399,1030,400,1023,400,1021,401,1016,401,1014,402,1011,402,1009,403,1005,403,1003,404,1000,404,998,405,993,405,991,406,984,406,982,405,981,403,981,402,982,400,984,398,986,397,989,397,991,396,995,396,997,395,1001,395,1003,394,1007,394,1009,393,1013,393,1015,392,1019,392,1020,391,1027,391,1029,390,1034,390,0.6191943223300618
1109,395,1109,394,1110,392,1112,390,1116,388,1123,388,1125,387,1134,387,1135,390,1135,391,1136,392,1135,394,1135,396,1132,397,1129,397,1127,398,1121,398,1119,399,1114,399,1112,398,1110,398,0.7335222460053584
553,338,560,339,572,343,597,350,649,368,698,379,705,382,708,382,717,383,725,387,732,391,740,396,745,403,749,409,751,413,754,421,755,430,755,435,751,480,749,489,746,497,740,505,734,511,726,516,717,518,709,518,703,518,694,518,651,508,642,507,632,505,625,503,616,502,589,495,589,494,528,482,519,480,511,475,504,470,499,462,496,454,494,445,493,435,493,427,494,422,496,413,497,391,498,385,500,375,501,366,506,358,514,349,519,345,527,340,536,338,544,337,0.9436624407137947
872,369,868,371,866,371,864,372,862,372,860,373,858,373,856,374,852,374,850,375,848,375,846,376,845,376,841,374,840,372,840,370,841,368,842,367,846,365,849,365,851,364,856,364,858,363,860,363,862,362,869,362,871,361,872,361,874,360,875,360,877,359,880,359,882,358,886,358,888,357,890,357,892,356,897,356,899,357,900,359,900,362,899,364,898,365,896,366,893,366,891,367,887,367,885,368,883,368,881,369,879,369,877,370,874,370,0.7547313974861013
934,353,934,354,932,358,928,360,926,360,924,361,920,361,918,362,916,362,914,363,912,363,910,364,907,364,905,363,904,362,903,360,903,358,904,356,905,355,909,353,912,353,914,352,917,352,919,351,922,351,924,350,926,350,928,349,929,349,933,351,0.736557373011759
1122,332,1120,333,1117,333,1115,334,1111,334,1109,335,1105,335,1103,336,1101,336,1100,337,1096,337,1094,338,1090,338,1088,338,1085,338,1083,339,1080,339,1078,340,1075,340,1073,341,1069,341,1067,342,1062,342,1060,343,1059,343,1057,344,1055,344,1053,345,1051,345,1049,344,1048,343,1047,341,1047,339,1048,338,1049,337,1051,336,1054,336,1056,335,1060,335,1061,334,1065,334,1067,333,1071,333,1073,332,1076,332,1078,331,1081,331,1083,330,1087,330,1089,329,1092,329,1094,328,1098,328,1100,327,1102,327,1104,326,1108,326,1110,325,1113,325,1115,324,1118,324,1120,323,1122,323,1124,322,1127,322,1129,323,1130,324,1131,326,1131,327,1130,329,1129,330,1125,332,0.7858905784253563
1180,321,1178,322,1176,322,1174,323,1171,323,1169,324,1165,324,1163,325,1160,325,1158,326,1155,326,1153,327,1149,327,1147,328,1144,328,1142,329,1140,329,1138,328,1137,326,1137,323,1138,321,1141,319,1144,319,1146,318,1150,318,1152,317,1155,317,1157,316,1161,316,1163,315,1165,315,1167,314,1171,314,1173,313,1175,313,1177,312,1180,312,1181,311,1186,311,1188,312,1189,314,1189,316,1188,318,1187,319,1183,321,0.7915934676600394
958,307,960,311,960,315,958,318,956,320,953,322,952,322,950,323,947,323,945,324,942,324,940,325,937,325,935,326,931,326,929,327,927,327,925,328,920,328,918,329,916,329,914,330,910,330,909,331,905,329,904,328,902,325,902,321,904,318,905,317,908,315,909,315,910,314,914,314,915,313,920,313,921,312,926,312,927,311,931,311,932,310,936,310,937,309,941,309,942,308,945,308,946,307,950,307,951,306,955,306,0.8283425657084151
686,296,683,297,682,297,679,298,677,298,674,299,673,299,670,300,661,300,659,299,658,296,658,293,659,291,660,291,660,290,662,290,662,289,665,288,667,288,670,287,672,287,675,286,676,286,679,285,680,285,683,284,686,284,689,285,690,286,691,289,691,290,690,292,689,293,689,294,687,296,0.7730125347515205
712,291,709,292,708,292,705,292,702,292,700,293,695,293,692,292,691,292,690,289,691,286,692,285,692,284,695,282,698,281,700,281,703,280,705,280,708,279,709,279,712,278,718,278,721,279,722,280,723,283,722,286,719,289,713,291,0.7445896723821982
756,281,753,282,751,282,748,283,746,283,740,285,738,285,735,286,733,286,730,287,724,287,721,286,720,285,718,282,719,279,720,278,722,278,723,276,726,275,727,275,730,274,732,274,735,273,736,273,739,272,740,272,743,271,745,271,748,270,749,270,752,269,753,269,756,268,758,268,761,267,764,268,766,270,767,273,766,276,765,277,765,278,764,279,758,281,0.7826591201231513
824,260,822,260,820,261,818,261,816,262,814,262,812,263,809,263,807,264,804,264,802,265,799,265,797,266,796,266,794,267,792,267,790,268,787,268,785,267,784,266,783,264,783,261,784,259,788,257,793,257,795,256,799,256,801,255,803,255,805,254,808,254,810,253,813,253,815,252,816,252,818,251,820,251,821,250,826,250,828,251,829,252,830,254,828,258,0.7664685652623722
855,242,858,241,859,241,861,240,865,240,867,241,868,243,869,244,870,247,869,249,867,251,864,252,862,252,860,253,857,253,854,254,853,254,850,255,849,255,846,256,845,256,842,257,837,257,835,256,833,253,833,250,834,248,835,247,837,247,837,246,840,245,843,245,846,244,847,244,853,242,0.8200393737089343
955,248,952,249,950,249,947,250,946,250,943,251,941,251,939,252,937,252,934,253,933,253,930,254,928,254,925,255,923,255,920,256,917,256,914,255,913,252,913,248,914,246,915,245,917,245,917,244,920,243,923,243,926,242,927,242,930,241,931,241,934,240,936,240,939,239,940,239,943,238,944,238,950,236,955,236,958,237,959,238,960,241,960,243,959,246,956,248,0.8257941553592683
990,242,988,243,985,243,983,244,981,244,980,245,977,245,975,246,973,246,971,247,968,247,965,246,963,242,963,237,965,234,966,233,969,231,970,231,971,230,975,230,976,229,980,229,980,228,983,228,984,227,988,227,989,226,992,226,993,225,994,225,997,227,998,228,1000,231,1000,233,1001,234,1000,237,998,239,992,242,0.8176521863972787
1032,219,1034,223,1034,224,1035,225,1035,228,1033,231,1032,232,1029,234,1028,234,1026,235,1022,235,1020,236,1018,236,1016,237,1015,237,1013,238,1009,238,1006,236,1005,235,1003,232,1003,228,1005,225,1006,224,1009,222,1010,222,1011,221,1015,221,1016,220,1020,220,1021,219,1024,219,1025,218,1029,218,0.8201400732853004
1073,211,1077,215,1076,217,1077,218,1075,222,1074,223,1071,225,1069,226,1066,226,1064,227,1060,227,1058,228,1054,228,1052,229,1049,229,1047,230,1042,230,1039,228,1038,227,1036,224,1036,221,1038,218,1039,217,1042,215,1044,215,1045,214,1049,214,1050,213,1054,213,1055,212,1058,212,1059,211,1063,211,1064,210,1068,210,1069,209,1070,209,0.817472376032359
453,125,452,127,452,130,450,134,450,135,449,137,449,140,448,142,448,148,446,153,445,154,441,156,439,158,435,158,432,157,430,154,429,152,429,151,428,149,428,140,427,137,427,132,428,129,428,127,427,125,427,121,428,118,428,117,430,112,437,105,440,104,444,103,447,103,450,104,452,106,454,111,455,113,455,114,454,116,454,122,0.6093445401319956
1048,113,1040,115,1039,115,1036,116,1032,117,1029,118,1025,119,1024,119,1021,120,1018,121,1017,121,1014,122,1010,123,1009,123,1006,124,1002,125,1001,125,998,126,994,127,991,128,987,129,986,129,982,130,980,130,976,129,975,128,974,124,974,122,975,118,976,117,976,116,977,115,980,114,983,113,985,113,989,112,992,112,1000,110,1003,109,1026,103,1027,103,1030,102,1058,95,1060,95,1064,96,1065,97,1066,101,1066,105,1065,109,1064,110,1049,113,0.8430601680670643
1168,80,1166,82,1164,83,1161,85,1159,85,1157,86,1155,86,1153,87,1152,87,1150,88,1148,88,1146,89,1144,89,1142,90,1140,90,1138,91,1136,91,1134,92,1132,92,1130,93,1128,93,1126,94,1124,94,1122,95,1120,95,1118,96,1116,96,1114,97,1112,97,1110,98,1108,98,1106,99,1104,99,1102,100,1100,100,1099,101,1096,102,1093,102,1091,103,1089,103,1087,104,1086,104,1084,105,1082,105,1079,104,1078,103,1076,100,1075,97,1076,94,1078,91,1080,89,1084,89,1085,88,1088,88,1089,87,1092,87,1093,86,1096,86,1097,85,1100,85,1100,84,1103,84,1104,83,1108,83,1109,82,1112,82,1113,81,1116,81,1117,80,1120,80,1121,79,1124,79,1125,78,1127,78,1128,77,1131,77,1132,76,1135,76,1136,75,1139,75,1140,74,1142,74,1143,73,1146,73,1147,72,1150,72,1151,71,1153,71,1154,70,1156,70,1157,69,1160,69,1161,68,1164,68,1167,69,1169,73,1169,77,0.8362573686339564
457,91,454,92,453,94,449,96,444,97,441,97,436,96,432,93,430,89,427,85,426,81,426,73,427,68,427,67,428,62,428,60,429,55,429,49,430,44,431,43,431,42,436,37,440,34,442,34,442,33,446,31,450,30,456,30,460,31,464,35,467,39,467,40,468,41,468,42,469,43,470,47,470,56,469,59,469,67,468,71,468,72,467,77,466,78,465,81,460,87,0.7353149334697182
868,14,868,16,866,22,863,25,862,26,861,26,858,28,855,29,854,29,851,30,847,30,844,31,843,31,840,32,838,32,834,33,832,33,826,35,821,35,818,33,815,30,813,25,813,22,812,21,812,18,811,15,812,13,812,12,813,8,815,5,816,4,817,2,820,1,821,0,824,0,826,0,829,0,849,0,852,0,854,0,858,0,859,0,862,0,865,1,866,2,868,6,869,10,869,12,0.711472206882068
