804,2913,821,2913,830,2911,857,2911,866,2909,889,2909,898,2907,908,2907,917,2904,925,2904,934,2907,948,2921,950,2932,948,2936,948,2940,950,2951,946,2959,931,2974,923,2976,921,2976,912,2978,900,2978,891,2980,878,2980,870,2982,851,2982,843,2984,828,2984,819,2986,802,2986,794,2988,743,2988,735,2986,720,2972,718,2963,718,2942,720,2934,735,2919,743,2917,749,2917,758,2915,796,2915,0.8060826004058756
828,2852,830,2854,832,2860,832,2867,830,2873,828,2875,821,2877,796,2877,790,2879,775,2879,768,2881,760,2881,754,2879,751,2877,749,2871,747,2867,749,2860,751,2858,751,2856,754,2854,760,2852,766,2854,781,2854,787,2852,804,2852,811,2850,821,2850,0.783474962259161
745,2839,745,2831,747,2825,749,2823,756,2820,768,2820,775,2818,787,2818,794,2820,796,2823,798,2829,798,2835,796,2841,794,2844,787,2846,779,2846,773,2848,766,2848,760,2850,747,2846,0.7650489048013147
584,2816,584,2831,582,2839,580,2844,578,2846,569,2850,561,2850,557,2852,531,2852,527,2854,512,2854,508,2856,489,2856,485,2858,459,2858,455,2860,432,2860,423,2858,417,2852,415,2844,415,2825,417,2816,423,2810,432,2808,436,2806,464,2806,468,2804,491,2804,495,2802,519,2802,523,2799,565,2799,574,2802,580,2808,0.8923663865278545
807,2795,807,2799,804,2806,800,2810,794,2812,792,2812,785,2814,766,2814,760,2816,754,2816,747,2814,743,2810,741,2804,741,2799,743,2793,745,2791,758,2787,781,2787,787,2785,792,2785,804,2789,0.7628816461121595
853,2785,857,2789,859,2795,859,2797,857,2804,853,2808,847,2810,834,2810,828,2812,815,2812,809,2810,807,2808,802,2806,800,2799,802,2793,804,2791,804,2789,809,2789,809,2787,815,2785,826,2785,832,2783,847,2783,0.7727044891873631
745,2781,741,2778,739,2772,739,2766,741,2760,745,2755,751,2753,758,2755,764,2755,771,2753,785,2753,792,2755,794,2762,794,2772,792,2778,785,2781,777,2781,771,2783,751,2783,0.775830650968211
870,2760,870,2768,868,2774,855,2778,851,2776,845,2778,807,2778,800,2776,798,2774,796,2768,796,2762,798,2755,802,2755,802,2753,809,2751,849,2751,855,2749,868,2753,0.7772515223086256
603,2743,608,2747,608,2749,612,2760,612,2768,610,2776,605,2781,599,2785,591,2787,559,2787,552,2789,527,2789,521,2791,502,2791,495,2793,472,2793,466,2795,442,2795,436,2797,413,2797,409,2799,400,2799,396,2797,390,2793,383,2787,383,2781,385,2774,383,2770,383,2768,387,2757,390,2755,400,2751,404,2751,409,2749,457,2749,461,2747,493,2747,497,2745,523,2745,527,2743,559,2743,563,2741,595,2741,0.8742303264071369
853,2720,857,2720,862,2722,866,2728,866,2734,864,2739,857,2743,855,2743,853,2745,847,2745,845,2743,843,2743,840,2745,815,2745,813,2747,771,2747,768,2749,758,2749,756,2751,749,2751,737,2739,737,2736,739,2734,739,2732,741,2728,747,2724,749,2724,751,2722,754,2724,781,2724,783,2722,815,2722,817,2720,849,2720,851,2718,0.7648589963676365
870,2726,872,2724,881,2720,936,2720,940,2718,955,2718,959,2720,961,2722,963,2726,963,2728,961,2732,959,2734,955,2736,953,2736,948,2739,917,2739,912,2741,876,2741,872,2739,868,2730,0.7752104457467794
790,2715,771,2715,764,2718,745,2718,741,2715,737,2711,735,2705,737,2699,739,2697,739,2694,741,2692,747,2690,787,2690,794,2692,796,2694,798,2694,800,2697,802,2703,802,2705,800,2709,796,2713,0.7927540677689736
872,2711,866,2713,828,2713,821,2715,811,2715,804,2713,800,2711,796,2705,796,2701,798,2694,800,2692,813,2688,857,2688,864,2686,872,2686,876,2688,881,2694,881,2701,878,2707,874,2711,0.7752194527737395
807,2655,749,2655,743,2657,737,2655,735,2652,732,2646,732,2638,735,2631,737,2629,743,2627,749,2629,794,2629,800,2627,807,2627,813,2629,817,2634,819,2640,819,2644,817,2648,813,2652,0.821856756258562
552,2646,548,2648,481,2648,476,2650,464,2650,455,2648,453,2644,449,2640,445,2634,445,2619,447,2610,449,2610,449,2606,455,2602,464,2598,481,2598,485,2596,593,2596,601,2598,605,2604,610,2613,610,2619,612,2621,612,2627,610,2636,603,2640,591,2646,0.8575692529340553
398,2657,392,2659,387,2659,377,2655,375,2652,370,2642,370,2610,373,2602,377,2598,385,2596,390,2594,398,2594,402,2592,409,2592,413,2589,421,2589,430,2592,434,2596,436,2604,436,2615,434,2621,434,2627,432,2636,430,2638,428,2642,423,2646,417,2648,409,2652,0.7535760817510304
819,2604,819,2610,817,2617,815,2619,809,2621,760,2621,754,2623,739,2623,732,2621,730,2619,728,2613,728,2606,730,2600,732,2598,739,2596,785,2596,792,2594,794,2594,798,2596,800,2594,804,2594,817,2598,0.810706859795835
878,2617,845,2617,840,2619,834,2619,826,2615,823,2610,823,2606,826,2602,830,2598,834,2596,889,2596,893,2594,898,2594,902,2596,904,2598,906,2602,906,2608,904,2613,902,2615,898,2617,895,2615,891,2617,887,2615,883,2615,0.7884420519133649
781,2564,783,2564,794,2575,794,2579,792,2583,785,2587,783,2587,781,2589,737,2589,732,2587,728,2581,728,2573,730,2568,737,2564,741,2564,743,2562,745,2564,768,2564,771,2562,779,2562,0.7822296442539712
878,2566,881,2573,881,2577,878,2581,874,2585,868,2587,802,2587,798,2585,794,2579,794,2573,796,2566,798,2564,804,2562,855,2562,862,2560,864,2560,876,2564,0.8120036542060829
785,2516,787,2516,792,2518,796,2524,796,2529,785,2539,728,2539,718,2529,718,2524,720,2520,726,2516,728,2516,730,2514,783,2514,0.8047081830186976
777,2508,739,2508,735,2510,724,2510,720,2508,718,2505,713,2497,715,2493,720,2489,724,2487,732,2487,737,2489,745,2489,749,2487,785,2487,790,2489,792,2487,847,2487,851,2489,853,2491,855,2495,855,2497,853,2501,849,2505,845,2508,798,2508,794,2505,781,2505,0.7612115322715706
796,2459,798,2459,802,2461,807,2468,794,2480,792,2480,790,2482,728,2482,726,2484,715,2474,715,2472,713,2470,713,2468,724,2457,794,2457,0.7848377426465353
847,2459,851,2457,853,2457,855,2459,857,2457,868,2457,872,2459,876,2463,878,2468,878,2470,876,2474,874,2476,870,2478,830,2478,826,2480,815,2480,811,2478,807,2474,804,2470,804,2468,807,2463,815,2459,0.7975203773772069
819,2451,813,2453,787,2453,781,2451,775,2445,773,2438,775,2432,777,2430,790,2426,813,2426,819,2428,821,2430,823,2430,826,2432,828,2438,828,2440,826,2447,821,2451,0.771453037701155
722,2451,718,2449,715,2447,713,2442,713,2436,715,2432,724,2428,726,2428,730,2430,766,2430,771,2432,773,2434,775,2438,775,2442,773,2447,764,2451,0.8210849602848797
445,2415,449,2413,451,2411,457,2407,461,2405,542,2405,550,2407,557,2407,561,2405,582,2405,591,2407,597,2409,599,2413,601,2415,605,2421,608,2426,608,2436,605,2445,601,2447,599,2449,593,2453,588,2455,586,2455,582,2457,464,2457,455,2455,453,2451,449,2447,445,2440,442,2436,442,2424,0.8440994164696243
428,2453,419,2457,415,2457,411,2459,400,2459,392,2463,379,2463,370,2461,366,2459,364,2457,360,2449,360,2434,362,2426,362,2417,364,2409,366,2405,368,2403,377,2398,385,2398,390,2396,402,2396,406,2394,419,2394,428,2396,432,2398,438,2405,440,2413,440,2421,438,2430,436,2434,434,2442,430,2451,0.7830841184233704
908,2424,902,2424,893,2419,891,2417,889,2413,889,2411,891,2407,893,2405,898,2403,942,2403,946,2405,948,2409,948,2413,946,2417,944,2419,940,2421,936,2421,931,2424,927,2421,912,2421,0.8033875870577832
883,2407,885,2411,885,2415,883,2419,878,2421,876,2421,872,2424,868,2421,804,2421,800,2419,798,2417,796,2413,796,2411,798,2407,802,2403,807,2400,823,2400,828,2403,866,2403,870,2400,872,2400,881,2405,0.8015955766295172
794,2407,796,2411,794,2415,790,2419,785,2421,735,2421,730,2424,722,2424,713,2419,711,2415,711,2409,713,2405,715,2403,720,2400,732,2400,737,2403,747,2403,751,2400,760,2400,764,2403,768,2400,783,2400,792,2405,0.7663500766206232
813,2375,815,2373,819,2373,823,2375,838,2375,843,2373,847,2373,851,2375,853,2375,857,2377,859,2379,862,2384,862,2386,859,2390,857,2392,853,2394,809,2394,804,2392,800,2388,798,2384,800,2379,802,2377,811,2373,0.7833113927062195
720,2394,715,2392,711,2388,709,2384,711,2379,715,2375,720,2373,751,2373,756,2375,758,2373,762,2375,787,2375,792,2377,794,2379,796,2384,796,2386,794,2390,785,2394,0.7777216544786058
1116,2350,1122,2350,1122,2363,1120,2365,1086,2365,1086,2352,1088,2350,1103,2350,1105,2348,1113,2348,0.6568614650856365
1077,2352,1080,2356,1077,2361,1073,2365,1069,2367,959,2367,955,2365,953,2363,950,2358,950,2354,953,2350,961,2346,972,2346,976,2348,984,2348,989,2346,993,2348,1001,2348,1006,2346,1022,2346,1027,2348,1029,2346,1031,2346,1035,2348,1037,2346,1039,2346,1044,2348,1054,2348,1058,2346,1067,2346,1075,2350,0.7419609574020887
944,2354,944,2358,942,2363,934,2367,885,2367,876,2363,874,2361,872,2356,874,2352,878,2348,883,2346,934,2346,942,2350,0.7076708899060292
845,2367,836,2363,834,2361,832,2356,832,2354,834,2350,836,2348,840,2346,866,2346,870,2348,874,2352,876,2356,874,2361,872,2363,864,2367,0.743146229754476
802,2367,798,2365,718,2365,713,2363,711,2361,709,2356,709,2354,711,2350,713,2348,718,2346,819,2346,823,2348,826,2350,828,2354,828,2356,826,2361,823,2363,815,2367,0.8467741479044375
874,2337,872,2337,868,2335,866,2335,862,2337,851,2337,847,2340,843,2337,800,2337,796,2335,794,2333,792,2329,792,2327,794,2323,796,2321,800,2319,807,2319,811,2316,815,2319,857,2319,862,2321,864,2323,866,2323,870,2321,872,2321,876,2319,921,2319,925,2321,927,2319,931,2319,936,2321,942,2321,946,2323,948,2327,948,2331,946,2335,944,2337,940,2340,878,2340,0.7444379736172436
790,2323,792,2327,792,2329,790,2333,787,2335,783,2337,722,2337,718,2340,709,2335,705,2327,707,2323,709,2321,718,2316,722,2319,775,2319,779,2316,787,2321,0.8260595187754698
809,2281,800,2277,798,2274,794,2266,792,2258,792,2256,790,2247,790,2237,792,2228,796,2220,798,2218,807,2214,815,2211,878,2211,887,2214,999,2214,1012,2218,1018,2222,1025,2228,1027,2237,1029,2241,1031,2249,1031,2251,1033,2262,1029,2270,1027,2277,1025,2279,1016,2283,1008,2285,868,2285,859,2283,817,2283,0.9193438345532187
610,2279,538,2279,529,2277,514,2262,512,2253,512,2230,514,2222,529,2207,538,2205,550,2205,559,2207,620,2207,629,2209,732,2209,741,2211,758,2228,760,2237,762,2243,764,2251,764,2258,762,2266,756,2274,747,2279,745,2281,743,2281,735,2283,732,2283,724,2281,618,2281,0.9046830299814699
741,1277,732,1275,694,1264,597,1247,588,1245,552,1235,536,1226,519,1214,510,1205,497,1191,491,1176,487,1151,487,1140,489,1121,491,1113,512,1058,521,1042,542,1021,555,1012,572,1004,588,1000,614,1002,849,1046,876,1048,887,1050,963,1067,972,1067,991,1069,1099,1096,1116,1103,1130,1113,1143,1126,1154,1147,1160,1166,1164,1182,1171,1247,1171,1266,1166,1281,1164,1287,1158,1304,1145,1317,1130,1329,1116,1336,1109,1338,1090,1342,1077,1342,1054,1340,1041,1338,957,1317,849,1298,819,1289,0.9514569606573733
449,277,466,279,705,328,853,351,870,355,940,378,1016,386,1029,389,1105,407,1124,414,1196,445,1215,456,1240,481,1253,498,1264,517,1272,536,1274,550,1276,557,1281,578,1281,670,1279,691,1274,712,1264,731,1249,748,1232,762,1209,775,1192,781,1171,788,1147,788,1126,785,910,735,887,727,874,720,775,704,749,695,728,687,650,668,385,630,364,624,339,611,326,603,309,590,296,573,286,554,282,542,277,527,273,506,273,489,277,403,279,382,286,363,296,340,307,321,322,305,339,292,360,281,381,275,406,275,0.9309152774533301
